12737
1633
6291
8765
16836
20278
22715
18082
2678
23132
13641
21777
23696
18104
13562
22633
19110
17844
23087
4711
5885
23811
5153
6216
23886
8898
12869
3474
11663
12705
20769
20356
14916
1129
23582
15112
24697
21934
23775
23275
4010
21549
14975
14121
9656
22382
3738
6188
8829
10108
21194
9788
22713
2572
15584
17919
9042
14538
8704
17385
13162
22605
2545
24973
12857
9101
7769
23900
14286
6548
20890
3108
2895
14675
24772
12394
7014
9421
21181
12890
24029
2193
10684
11722
24818
16981
8006
13938
13997
21539
12703
23000
23127
6861
11586
15492
20904
21431
8023
5550
18473
14456
20935
12912
12544
20417
24911
11774
17204
12306
18538
19472
10897
10881
25452
7105
20647
8820
19341
13801
3340
16349
19387
5553
16254
22259
18845
1346
23436
7763
18906
25466
9268
4177
13155
11918
5642
11995
8279
18571
4253
9764
556
16955
3658
19358
16723
19396
22155
21503
15249
12862
683
13485
14410
3646
19091
12744
10158
11113
3479
12588
16884
2315
1370
7189
13403
17298
7490
13681
19589
22818
11314
8869
23791
13524
22870
20237
19549
22946
17663
22666
4283
4333
17976
23543
21084
9067
20578
12078
10850
11023
1744
5797
13818
7892
23913
7202
9684
13313
6601
19451
20604
17574
11974
13957
18163
23402
16616
7871
23690
5178
7575
22085
13251
22271
5156
11883
25516
2817
9472
7659
9979
1978
3686
11941
9345
14026
10509
4146
1431
13976
13504
20363
5939
14891
12428
14205
7721
14526
8880
4917
7364
627
8296
17623
18800
4217
9066
25082
3179
15087
17236
14781
11857
7557
20447
2492
16142
17535
10534
19357
17524
11543
10860
22725
17716
11055
24217
22106
17542
6881
5261
22613
15892
14358
20514
10138
21217
19345
9898
5372
6032
13881
14159
9677
23821
2088
24491
14028
11667
1319
8850
2634
17427
14978
21385
6348
20815
18184
22125
4977
981
13219
24596
21791
16656
12080
365
25292
6971
21776
22542
1337
18057
11353
23400
18671
12153
7633
6239
24517
5292
355
22233
4791
517
5262
24908
20541
24938
24066
14506
1193
4649
23525
20260
21473
23774
6426
23451
11552
24854
708
8809
12469
21806
7206
20727
7087
13027
19679
13714
23960
10335
23646
12762
14475
18128
21174
17050
14480
4215
6107
19102
13682
18191
22146
22230
17199
21953
15625
23810
12011
8152
1528
15780
14348
15250
4775
2373
23068
1786
12382
15328
24521
23792
8967
13422
21913
24033
3763
11341
11683
25497
7255
19932
14451
10553
17814
14086
18214
22839
22495
823
11540
20261
2070
7599
21108
15288
24810
5898
20998
23188
4587
20421
14000
25267
1309
20759
17875
3580
16984
23072
21578
7477
24085
13326
17430
17496
21023
14983
20528
13987
20123
10000
20014
1584
1369
5138
12783
515
1558
19400
9003
18366
23231
17064
21764
19537
15341
7391
14796
13577
24658
17348
15372
14645
2778
2005
18234
3009
23279
18786
5382
11395
24932
4314
25400
24901
20455
10064
10480
5673
15141
7441
17530
17127
6441
19205
14294
16588
4980
10721
15822
1197
20418
23098
18165
23317
6270
18187
12875
21893
15593
17547
22576
3144
19152
19401
4473
23200
7359
20265
18951
16082
17276
19854
17806
11997
4467
3994
11773
701
10427
25390
257
17889
13655
18416
16574
23331
4916
23597
18619
13544
22092
14973
13505
17409
5732
12159
17669
16091
13737
23286
20933
11263
19673
2931
5807
14723
13660
19169
11633
20825
9007
21200
9807
10136
21737
20249
8714
4769
2900
17125
23443
10635
790
12491
23140
6410
6197
10045
7106
13250
13989
15127
9794
4291
10769
20664
2910
15629
15190
5750
13475
4902
11470
6491
13937
16620
23907
10962
15038
17568
7278
9577
23206
17662
1642
1176
12307
5958
19861
12411
13436
17967
13144
7860
6489
6593
22178
4865
20943
18246
4974
12656
16934
3374
11045
10088
5083
7854
23642
16395
6893
23487
3666
2174
9824
16117
16098
16414
20077
20034
15473
21177
1266
24401
7160
1315
4930
12425
24000
24367
14727
3270
15956
14519
15058
18472
3050
10293
1194
12252
4665
23150
19682
25041
9071
21493
4068
19020
20027
21127
10727
5921
16729
5632
23095
3159
14416
11321
6632
4733
7840
9947
20709
13715
15169
19042
6411
8697
24846
21842
10947
5579
8113
25139
23271
21838
19709
15113
22492
23583
815
22177
6568
6432
14405
20944
10704
23812
8904
14536
5366
21987
20995
23374
2512
20208
16318
14608
11528
3054
23692
16517
15778
24524
5061
6577
13565
2480
16339
8433
2041
9603
16522
17210
10625
22386
24804
3008
10936
6086
11686
13465
16184
15415
21350
8549
9106
16301
22940
10302
3746
21307
1825
17604
25337
25489
446
9227
24412
3241
1549
12249
15337
14024
18167
25279
348
13953
20291
16041
14138
1698
9874
561
7135
18871
758
14900
22167
23927
10845
23496
14765
10864
21891
24333
16489
3017
16068
785
22290
17090
330
21303
2550
7049
13022
23117
7319
18591
8673
6659
24335
25219
1334
10870
13018
25042
23829
20183
20542
17061
9404
23394
23441
14149
24452
14014
19074
5590
15455
15373
12611
14412
22159
20833
7313
14278
24586
8861
15395
675
985
22077
10323
1504
11349
18352
6169
2944
12944
9934
2927
17984
7612
2612
19114
20490
18113
16276
10250
1640
1233
17272
3130
12559
11504
5746
7729
22941
24861
13300
22541
9602
25282
22626
12945
16115
24518
24008
599
8832
1164
12991
12794
23159
20772
25472
15386
15513
21672
21590
10573
11300
7076
8101
21272
8401
14012
23497
22602
6061
16763
18980
13040
14648
19002
12373
20031
7913
18876
9914
18192
9313
17866
17425
6475
1818
25436
12747
11589
931
3491
21275
14509
22118
19084
2085
4282
8753
3775
2993
5030
8042
23196
1480
277
19025
21785
10284
18764
24150
19457
14767
13469
22561
19466
15405
9690
24907
15519
13208
9068
15035
13094
24064
21460
15116
18456
8104
18344
18022
12169
16408
13567
20040
5301
20646
7185
23576
24526
17593
13610
2739
17273
14784
23198
21074
16602
21238
24532
18115
10240
20228
22024
14702
9769
24860
11473
6388
9655
18727
5391
20498
12075
6623
5374
268
24645
14888
16061
22375
17828
14001
961
22543
13301
12190
22490
20555
25266
23770
25013
15321
22809
22513
6458
21295
23392
5581
24441
17501
1817
14148
15090
19115
306
22903
5518
5473
24509
13959
5143
24675
15165
11346
7180
20262
23290
21929
22158
22266
15191
16280
17271
13105
13887
22956
21533
2463
24683
18830
15360
4086
17563
17804
23423
20630
18600
24067
25460
20761
5239
10305
7651
2106
20379
11902
14833
18479
8180
5904
15133
12318
14716
7055
17890
291
17632
13164
22573
3457
17527
22811
11361
22448
22345
1604
7375
6606
4329
19258
13005
22089
19866
19411
9028
9782
6257
16351
23007
5339
8744
10213
12028
7771
11377
23306
22067
16727
925
24950
15484
4484
361
25163
798
12106
18761
5942
12638
19178
5466
24928
16706
24037
10725
15819
4128
15052
10109
10343
20018
25392
25270
23407
18356
13380
6796
6437
962
7153
17321
22060
25125
22714
10774
21782
17074
19467
20212
11984
23683
16309
19366
13294
14737
11478
18930
22380
11680
10711
17913
7167
6018
12954
5682
25541
24500
21069
22642
25231
16751
7480
20314
18345
13487
3244
14144
9244
13988
5938
16466
22058
14118
2812
16313
20321
22036
1436
14393
20855
11794
22547
19636
11374
15364
24960
22488
8498
16949
17503
19344
19012
16384
1662
16297
11749
12117
3082
9048
14667
21240
5583
20674
10389
17455
14255
10294
21266
4639
5700
13151
15690
17101
6955
20938
23674
1089
17742
5748
10803
23171
1936
12255
23070
19780
284
3227
2728
6831
2805
18088
8437
493
7468
22150
7463
22195
17220
3283
25437
6097
22767
19503
6497
23568
8830
11698
22815
19122
1517
13836
21444
23830
20850
2808
4809
17265
18877
16433
10758
1325
17059
17128
21056
10369
11216
8056
23236
18218
17201
18465
2717
3778
17065
1170
6495
13745
10443
17819
9257
19717
25579
18911
10570
20382
19197
1396
14708
18894
11652
4149
25326
3664
7566
11306
14921
14511
4042
7993
18745
15594
12438
17466
14450
17369
14234
13236
1280
16229
11316
16450
16159
23715
13222
733
12119
12579
21905
21602
22084
8161
13489
14178
24146
22521
5252
657
10880
18360
1099
25066
1203
14565
20454
19767
21575
18783
23935
8154
23744
10140
13367
22520
11890
22874
16427
5736
11688
3126
19055
1481
24727
25202
1751
15105
416
12439
22898
25012
19568
24219
15839
13021
6652
11668
7845
12235
17884
735
19123
16362
11390
3496
20634
10155
7579
5095
6113
940
13472
13629
21849
9629
19931
810
4966
3541
12495
3335
13002
21386
10831
5150
4069
14656
8223
9637
3900
1338
17507
15463
5660
12977
9507
20587
6353
14731
3066
18003
24674
12449
22887
17062
1725
18055
4805
16931
22431
21267
25322
22108
12372
9536
22309
1866
20006
12415
15770
4091
3955
16983
1540
12353
7551
4876
22825
15342
21768
17750
1168
24539
9743
6037
6625
10692
11175
280
12243
2083
21377
17520
7573
25096
22857
24124
15347
10084
17583
7805
19686
23461
15715
20420
18100
25043
18782
1510
21622
6138
22170
24214
2902
23074
11101
13497
14285
3502
11636
22411
3879
7491
6607
21646
12056
9938
1271
9556
1603
20059
12871
22755
23208
7856
5465
14437
9282
9107
18630
21335
1087
18232
20184
22876
18899
16121
2515
4984
6838
5941
10535
16867
