5292
6353
11473
22195
13485
21174
22266
15513
15839
24804
5030
7575
21549
5518
24500
24727
24674
24938
515
6625
23692
5807
5673
268
15594
6497
19258
21217
22448
23198
23286
18344
14205
18100
14294
19854
7805
3244
21849
5898
6577
306
12559
13836
11263
10213
10711
9472
24491
24854
10045
10962
9629
24950
25231
10293
---
10044
10087
10144
10150
10269
10283
10487
10650
10705
10756
10810
10814
10818
10983
10987
11608
11654
12003
12070
12437
12761
12822
13306
13579
13619
13811
13869
13871
13935
1409
14382
1456
14687
14853
14885
14919
15009
15173
15197
15270
16101
1630
16366
16506
1775
17780
17792
17830
17833
1834
18361
18384
18707
19059
1908
19155
19159
19251
19278
19416
19563
19661
19702
19769
19841
19856
20010
20012
20016
20042
20116
20282
20432
20684
20733
20754
20936
20950
21297
21551
21644
21738
22193
22212
22366
22452
22724
22741
22750
22864
22900
22955
2303
2308
23081
23152
23180
23190
23216
23278
23345
23362
23485
23495
23509
23561
23625
23636
23684
23687
23695
23759
23851
23857
2401
24190
24200
2436
24379
24380
24429
24435
24498
24501
24502
24585
24611
24651
24726
24728
24731
24734
24750
24771
24774
24789
24799
24844
24886
24954
24976
24994
25053
25080
25085
25088
25094
25212
25320
25450
2546
2607
2664
2908
2913
292
2951
3148
3170
3477
359
390
3956
4021
4382
448
451
4528
454
4927
4961
4993
514
516
520
521
5269
532
5355
5723
5729
5731
6008
6648
678
6876
7099
7155
7172
7315
7352
7376
7555
7559
7577
7592
7637
7899
7948
7994
8018
8025
803
808
8133
8179
8352
8453
8462
8547
8568
8703
8705
8862
8868
8876
8905
9128
9228
9286
9301
9506
9676
9723
9775
9835
9876
991